4294967278,276
4294967279,294
4294967279,316
4294967278,568
4294967294,92
4294967294,88
4294967294,40
4294967294,41
4294967294,1414
4294967294,424
4294967294,43
4294967294,51
4294967294,82
4294967294,11
4294967279,258
4294967279,282
4294967278,532
4294967278,132
4294967278,531
4294967278,131
4294967278,130
4294967278,529
4294967278,129
4294967278,128
4294967278,127
4294967278,525
4294967278,126
4294967278,125
4294967278,120
4294967278,119
4294967278,118
4294967278,117
4294967278,116
4294967278,115
4294967278,114
4294967278,113
4294967278,112
4294967278,111
4294967278,110
4294967278,109
4294967278,108
4294967278,107
4294967278,106
4294967278,105
4294967278,104
4294967278,103
4294967278,102
4294967278,101
4294967278,100
4294967278,99
4294967278,98
4294967278,96
4294967278,93
4294967278,92
4294967278,89
4294967278,87
4294967278,519
4294967279,339
4294967279,82
4294967279,81
4294967279,80
4294967279,78
4294967279,77
4294967279,76
4294967279,75
4294967279,74
4294967279,73
4294967279,72
4294967279,71
4294967279,69
4294967279,68
4294967279,67
4294967279,66
4294967279,65
4294967279,64
4294967279,63
4294967279,62
4294967279,61
4294967279,58
4294967279,55
4294967279,54
4294967279,53
4294967279,52
4294967279,51
4294967279,50
4294967279,49
4294967279,48
4294967279,47
4294967279,46
4294967279,45
4294967279,44
4294967279,43
4294967279,42
4294967279,41
4294967279,40
4294967279,39
4294967279,38
4294967279,37
4294967279,36
4294967279,35
4294967279,34
4294967279,33
4294967279,32
4294967279,31
4294967279,30
4294967279,29
4294967279,28
4294967279,27
4294967279,26
4294967279,25
4294967279,24
4294967279,23
4294967279,22
4294967279,21
4294967279,20
4294967279,19
4294967279,18
4294967279,17
4294967279,16
4294967279,15
4294967279,14
4294967279,13
4294967279,12
4294967279,11
4294967279,10
4294967279,9
4294967279,8
4294967279,7
4294967279,5
4294967279,377
4294967279,6
4294967278,567
4294967294,61
4294967294,30
4294967294,97
4294967294,80
4294967294,421
4294967294,428
4294967294,18
4294967294,127
4294967294,14
4294967294,126
4294967294,20
4294967294,13
4294967294,12
4294967294,185
4294967294,182
4294967294,176
4294967294,173
4294967294,170
4294967294,163
4294967294,966
4294967279,4
4294967279,254
4294967278,123
4294967294,437
4294967278,566
4294967278,565
4294967279,376
4294967279,375
58,6
58,5
58,4
4294967278,564
4294967278,124
58,3
58,2
58,1
4294967278,524
4294967278,122
4294967278,251
4294967279,374
4294967278,121
4294967278,250
4294967279,335
4294967278,248
4294967278,245
4294967279,245
4294967279,242
4294967278,237
4294967278,523
4294967279,236
4294967279,233
4294967279,230
4294967278,230
4294967278,227
4294967294,5
4294967294,81
4294967294,50
4294967279,226
4294967279,224
4294967278,223
4294967278,220
4294967294,36
4294967294,39
4294967279,220
4294967278,218
4294967279,217
4294967278,211
4294967278,213
55,5
55,4
4294967278,212
55,3
55,2
55,1
4294967278,521
4294967278,210
4294967279,208
4294967278,207
4294967279,205
4294967278,206
4294967279,331
4294967278,205
53,6
4294967294,114
4294967278,202
4294967279,204
4294967278,520
4294967279,203
53,5
4294967278,201
4294967279,201
53,4
4294967279,200
53,3
53,2
53,1
4294967279,328
4294967278,199
4294967279,199
4294967278,198
4294967294,89
4294967294,1412
4294967294,898
4294967294,190
4294967294,908
4294967294,897
4294967279,196
4294967294,417
4294967294,969
4294967278,84
4294967278,197
4294967278,517
4294967279,327
52,5
4294967294,1413
4294967279,79
4294967278,194
4294967279,194
52,4
4294967278,193
52,3
52,2
52,1
4294967279,326
4294967279,373
4294967278,192
4294967279,192
4294967278,563
4294967279,191
4294967278,188
4294967279,190
4294967279,372
4294967278,562
4294967278,516
4294967279,189
51,5
4294967278,187
4294967279,187
4294967278,186
51,4
4294967279,186
51,3
51,2
51,1
4294967278,185
4294967278,184
4294967279,182
4294967278,183
4294967278,308
4294967279,70
4294967279,313
4294967279,312
4294967278,182
50,5
4294967279,181
4294967278,180
4294967279,180
50,4
4294967278,179
50,3
50,2
50,1
4294967278,561
4294967279,179
4294967278,178
4294967294,17
4294967278,177
4294967294,6
4294967278,176
4294967294,7
4294967279,176
4294967278,175
49,4
4294967294,8
4294967279,175
49,3
49,2
49,1
4294967278,173
0,7
4294967279,173
4294967278,560
4294967294,0
4294967279,371
4294967279,60
4294967279,322
4294967278,319
4294967279,59
4294967279,321
4294967278,559
4294967279,310
4294967278,318
4294967279,57
4294967279,320
4294967278,303
4294967279,56
4294967279,309
4294967294,393
4294967294,46
4294967294,389
4294967294,115
4294967279,308
4294967278,0
4294967294,22
4294967294,91
4294967294,87
4294967294,84
4294967294,395
4294967294,29
4294967294,186
4294967294,901
4294967294,385
4294967294,167
4294967294,183
4294967294,175
4294967294,184
4294967294,453
4294967294,119
